[
  -0.12437949329614639,
  0.09962232410907745,
  0.11677154153585434,
  -0.040211021900177,
  0.008280881680548191,
  0.020864184945821762,
  -0.052031923085451126,
  -0.036670003086328506,
  0.185151606798172,
  -0.14798420667648315,
  0.26670849323272705,
  0.08570118248462677,
  -0.17888277769088745,
  -0.1353699415922165,
  -0.04474610835313797,
  0.11975988000631332,
  -0.11545024812221527,
  -0.06606271862983704,
  -0.09391243755817413,
  -0.1447194367647171,
  -0.012067689560353756,
  0.054474491626024246,
  0.006204234901815653,
  -0.015057044103741646,
  -0.12583790719509125,
  -0.37640729546546936,
  -0.07336531579494476,
  -0.13510426878929138,
  0.03080485761165619,
  -0.1061735674738884,
  -0.011768766678869724,
  -0.028678948059678078,
  -0.13196761906147003,
  -0.032957807183265686,
  -0.03707414120435715,
  0.08291613310575485,
  0.0312819667160511,
  0.019457455724477768,
  0.14018550515174866,
  0.024219321087002754,
  -0.06386229395866394,
  0.04484209790825844,
  0.016809897497296333,
  0.33383816480636597,
  0.25724199414253235,
  0.03875541314482689,
  0.030115799978375435,
  -0.0031089428812265396,
  0.17089560627937317,
  -0.22361351549625397,
  0.08569788187742233,
  0.0452483706176281,
  0.06802941113710403,
  0.016032150015234947,
  0.15057730674743652,
  -0.12197645753622055,
  -0.05979020893573761,
  0.11965233087539673,
  -0.21906988322734833,
  0.0780501589179039,
  -0.029258178547024727,
  -0.022803131490945816,
  -0.11270672082901001,
  -0.008435269817709923,
  0.24601337313652039,
  0.1600472331047058,
  -0.14663320779800415,
  -0.15069033205509186,
  0.22151631116867065,
  -0.174561008810997,
  0.03882095217704773,
  -0.000014266473954194225,
  -0.12863647937774658,
  -0.09714091569185257,
  -0.23952284455299377,
  0.11346578598022461,
  0.4634482264518738,
  0.15297487378120422,
  -0.14464759826660156,
  0.08840198814868927,
  -0.10491901636123657,
  -0.05541340261697769,
  0.05392986908555031,
  0.040455613285303116,
  -0.05388599634170532,
  0.011682623997330666,
  -0.03261469677090645,
  0.04318895936012268,
  0.12323100864887238,
  0.10286061465740204,
  -0.0672520250082016,
  0.1942591667175293,
  -0.06659183651208878,
  0.010500996373593807,
  0.04838909953832626,
  -0.03284849599003792,
  -0.17558561265468597,
  -0.02658252976834774,
  -0.1500001698732376,
  -0.07619412988424301,
  -0.009581334888935089,
  -0.09299013018608093,
  0.051333386451005936,
  0.06451044231653214,
  -0.16067057847976685,
  0.20583778619766235,
  -0.019088057801127434,
  0.06231014430522919,
  0.04547774791717529,
  0.08849281817674637,
  -0.10966512560844421,
  0.011197925545275211,
  0.18098488450050354,
  -0.23819805681705475,
  0.20239365100860596,
  0.10173685103654861,
  0.05859967693686485,
  0.17287957668304443,
  0.1019599661231041,
  0.04771513119339943,
  0.02659936435520649,
  0.04504528269171715,
  -0.1580413579940796,
  -0.0569913312792778,
  -0.05755030736327171,
  -0.10247118771076202,
  0.13809819519519806,
  0.052905213087797165
]