[
  -0.2249736785888672,
  0.09451602399349213,
  0.08243707567453384,
  -0.04246487095952034,
  -0.04294145852327347,
  -0.022041387856006622,
  0.003224469255656004,
  -0.06450451165437698,
  0.20335783064365387,
  -0.03704427555203438,
  0.29384875297546387,
  0.033610813319683075,
  -0.17731904983520508,
  -0.14120860397815704,
  0.07477263361215591,
  0.12039439380168915,
  -0.16986174881458282,
  -0.1383676528930664,
  -0.058770280331373215,
  -0.10885012894868851,
  0.017072297632694244,
  0.05203644931316376,
  0.023857412859797478,
  0.07513842731714249,
  -0.1600324511528015,
  -0.3707613945007324,
  -0.052256420254707336,
  -0.12724369764328003,
  0.041303593665361404,
  -0.09811116009950638,
  0.006420759484171867,
  0.029880087822675705,
  -0.220841184258461,
  -0.05162549763917923,
  0.011721737682819366,
  0.10082346946001053,
  0.02426460199058056,
  0.027786409482359886,
  0.13863250613212585,
  0.027906082570552826,
  -0.158471018075943,
  -0.046794116497039795,
  0.04727686941623688,
  0.235471710562706,
  0.17462658882141113,
  0.014700287953019142,
  0.007961845025420189,
  -0.028323469683527946,
  0.005007077939808369,
  -0.20838022232055664,
  0.000659086334053427,
  0.11769814789295197,
  0.15540950000286102,
  -0.00208828947506845,
  0.0637432187795639,
  -0.13518278300762177,
  -0.08729340881109238,
  0.06147344410419464,
  -0.14216819405555725,
  0.06515619158744812,
  -0.022179512307047844,
  -0.09420571476221085,
  -0.09906164556741714,
  -0.03301951661705971,
  0.2772432267665863,
  0.09154576808214188,
  -0.16542600095272064,
  -0.1207624301314354,
  0.11005417257547379,
  -0.09553646296262741,
  -0.08294139057397842,
  0.13685600459575653,
  -0.09803362935781479,
  -0.1769007444381714,
  -0.3093227744102478,
  0.0904509574174881,
  0.4419640302658081,
  0.050483088940382004,
  -0.26479431986808777,
  0.012149662710726261,
  -0.1375414878129959,
  -0.03376547619700432,
  -0.016973624005913734,
  0.11870376020669937,
  -0.0869855210185051,
  0.039345432072877884,
  -0.10358837991952896,
  0.030177220702171326,
  0.1497141569852829,
  0.04342498257756233,
  -0.023838521912693977,
  0.20485936105251312,
  -0.020688563585281372,
  0.11657125502824783,
  -0.010329809039831161,
  0.03543511778116226,
  -0.06502975523471832,
  -0.063844695687294,
  -0.10145328938961029,
  -0.11937443912029266,
  0.028950020670890808,
  0.01528781559318304,
  -0.0002584957401268184,
  0.11513806879520416,
  -0.17842799425125122,
  0.11806785315275192,
  0.03591228276491165,
  -0.06226981431245804,
  0.0026599944103509188,
  0.07709011435508728,
  -0.02754892222583294,
  -0.07902361452579498,
  0.10335631668567657,
  -0.278911828994751,
  0.1557498574256897,
  0.20418883860111237,
  0.002485354896634817,
  0.16533085703849792,
  0.052839040756225586,
  0.03029334917664528,
  -0.013075237162411213,
  0.022209765389561653,
  -0.09194830805063248,
  -0.011593201197683811,
  0.034592971205711365,
  -0.10383825749158859,
  0.06324827671051025,
  -0.01319106388837099
]