[
  -0.17602473497390747,
  0.11009137332439423,
  0.10582208633422852,
  -0.04762447997927666,
  -0.00957337487488985,
  -0.04823162779211998,
  -0.04537642002105713,
  -0.017283327877521515,
  0.1316516101360321,
  -0.06871721893548965,
  0.3168056011199951,
  0.002276024781167507,
  -0.17804495990276337,
  -0.15665243566036224,
  0.015982581302523613,
  0.13072019815444946,
  -0.04510616883635521,
  -0.07955314218997955,
  -0.13159224390983582,
  -0.09089972823858261,
  -0.029739845544099808,
  0.025056127458810806,
  -0.001517637399956584,
  0.009074252098798752,
  -0.08650952577590942,
  -0.38989177346229553,
  -0.09998621046543121,
  -0.06501014530658722,
  0.046425703912973404,
  -0.1328737735748291,
  -0.034456148743629456,
  0.044151730835437775,
  -0.18165230751037598,
  -0.09107288718223572,
  -0.014730911701917648,
  0.08263720571994781,
  -0.009945068508386612,
  0.03393002226948738,
  0.17091551423072815,
  0.058800630271434784,
  -0.13670086860656738,
  0.022064195945858955,
  0.03574313223361969,
  0.29754751920700073,
  0.21394966542720795,
  0.03721724450588226,
  0.011080479249358177,
  -0.04934011772274971,
  0.03954467177391052,
  -0.17689156532287598,
  0.09146227687597275,
  0.10703355073928833,
  0.1499219536781311,
  0.05035123601555824,
  0.10464483499526978,
  -0.11643744260072708,
  -0.038320984691381454,
  0.05019010975956917,
  -0.17112936079502106,
  0.013317270204424858,
  -0.03556356951594353,
  -0.05685612931847572,
  -0.13043434917926788,
  -0.04375924915075302,
  0.20494039356708527,
  0.11818984150886536,
  -0.09088638424873352,
  -0.14633063971996307,
  0.20140862464904785,
  -0.10190922766923904,
  0.03591029718518257,
  0.11065737158060074,
  -0.08427976071834564,
  -0.1633046418428421,
  -0.23201020061969757,
  0.1622951477766037,
  0.383512020111084,
  0.1530202031135559,
  -0.265777587890625,
  0.0558452233672142,
  -0.1091061681509018,
  -0.11201640218496323,
  0.0385572724044323,
  0.043372008949518204,
  -0.07026927918195724,
  0.033861394971609116,
  -0.06571510434150696,
  0.020786907523870468,
  0.11153919249773026,
  0.028149835765361786,
  -0.012090764939785004,
  0.1967785358428955,
  0.014026334509253502,
  0.05650000646710396,
  0.07132051140069962,
  -0.00779365049675107,
  -0.12058981508016586,
  -0.034620676189661026,
  -0.16976051032543182,
  -0.12868694961071014,
  0.06515886634588242,
  -0.06636679172515869,
  -0.0003449197974987328,
  0.051750630140304565,
  -0.14630098640918732,
  0.1905776709318161,
  0.06215696409344673,
  -0.020073652267456055,
  0.01737944409251213,
  0.07719822973012924,
  -0.03197013959288597,
  -0.08776430040597916,
  0.13340596854686737,
  -0.20909032225608826,
  0.15934863686561584,
  0.1283913105726242,
  0.006569979712367058,
  0.16726267337799072,
  0.14473965764045715,
  0.10535494238138199,
  0.012620357796549797,
  -0.011030131950974464,
  -0.07975123822689056,
  -0.02953738532960415,
  0.028884228318929672,
  -0.03626770153641701,
  0.08130130916833878,
  0.02902800217270851
]