[
  -0.11399132758378983,
  0.16705329716205597,
  0.022984322160482407,
  -0.0497247651219368,
  -0.14345167577266693,
  -0.04596123844385147,
  -0.09049663692712784,
  -0.0938321128487587,
  0.1332356035709381,
  -0.055662814527750015,
  0.22057604789733887,
  -0.005293680354952812,
  -0.20247073471546173,
  -0.06591521203517914,
  -0.08081434667110443,
  0.09992947429418564,
  -0.1501172035932541,
  -0.14642496407032013,
  -0.06450854241847992,
  -0.12198153138160706,
  0.07562476396560669,
  0.0554078109562397,
  0.031171444803476334,
  0.06847113370895386,
  -0.17018668353557587,
  -0.31631577014923096,
  -0.06232335418462753,
  -0.11946287751197815,
  0.017265208065509796,
  -0.0783107727766037,
  0.03615117073059082,
  0.02532726712524891,
  -0.22190995514392853,
  -0.04306745156645775,
  0.0576912946999073,
  0.11392863839864731,
  0.00033715247991494834,
  0.09047112613916397,
  0.15131241083145142,
  0.07123692333698273,
  -0.13360388576984406,
  0.08888161927461624,
  0.027972139418125153,
  0.28972411155700684,
  0.1929900050163269,
  0.10978701710700989,
  0.06992574781179428,
  -0.120668925344944,
  0.06945882737636566,
  -0.15131792426109314,
  0.04114014655351639,
  0.21102458238601685,
  0.12340240180492401,
  0.012258699163794518,
  0.10547520965337753,
  -0.13116034865379333,
  -0.015153992921113968,
  0.11139237135648727,
  -0.14662544429302216,
  0.06507919728755951,
  0.06809158623218536,
  0.001647074124775827,
  -0.03928328678011894,
  -0.07924939692020416,
  0.22832390666007996,
  0.026574309915304184,
  -0.1416436731815338,
  -0.09528979659080505,
  0.1349717527627945,
  -0.18304672837257385,
  -0.07568547129631042,
  0.14570380747318268,
  -0.0849686786532402,
  -0.14625540375709534,
  -0.25088611245155334,
  0.036217495799064636,
  0.5005260109901428,
  0.1359357237815857,
  -0.1892702877521515,
  0.004426591098308563,
  -0.049518462270498276,
  -0.04506226256489754,
  0.03844841197133064,
  0.060097552835941315,
  -0.12748180329799652,
  0.03209448605775833,
  -0.07524020969867706,
  0.057270050048828125,
  0.17870166897773743,
  0.034686870872974396,
  0.00750399474054575,
  0.2073623090982437,
  0.016086958348751068,
  0.08550398796796799,
  0.02069409005343914,
  0.0038397975731641054,
  -0.1345551460981369,
  -0.04266129434108734,
  -0.075016088783741,
  -0.05768205597996712,
  -0.08829555660486221,
  -0.0789594054222107,
  -0.02110530249774456,
  0.03780015930533409,
  -0.1478760987520218,
  0.11744174361228943,
  -0.05002884939312935,
  -0.04793780297040939,
  -0.1558196246623993,
  0.07471808046102524,
  -0.05990017205476761,
  -0.006458228453993797,
  0.16202841699123383,
  -0.2734411954879761,
  0.18674808740615845,
  0.18983323872089386,
  -0.01450714748352766,
  0.12093053013086319,
  0.08652031421661377,
  0.04148710519075394,
  -0.031707461923360825,
  -0.03108007088303566,
  -0.09906250983476639,
  -0.09981083124876022,
  -0.005078479647636414,
  -0.142424538731575,
  0.12083613127470016,
  -0.03870288282632828
]